0 0.29854368932038833 0.46943231441048033 0.08737864077669902 0.043668122270742356
0 0.37499999999999994 0.43777292576419213 0.038834951456310676 0.037117903930131
0 0.47087378640776695 0.39628820960698685 0.07281553398058252 0.06768558951965065
0 0.5018203883495145 0.5338427947598253 0.03762135922330097 0.05021834061135371
0 0.520631067961165 0.6091703056768558 0.029126213592233007 0.03056768558951965
0 0.6523058252427184 0.519650655021834 0.14199029126213591 0.1353711790393013
0 0.02487864077669903 0.46943231441048033 0.013349514563106795 0.026200873362445413
0 0.07645631067961164 0.4508733624454148 0.04854368932038834 0.04585152838427947
0 0.0279126213592233 0.6200873362445415 0.01699029126213592 0.026200873362445413
0 0.5315533980582524 0.44541484716157204 0.01699029126213592 0.026200873362445413
