0 0.05878552971576228 0.6584507042253521 0.08914728682170543 0.2136150234741784
0 0.14082687338501293 0.7112676056338029 0.031007751937984496 0.09389671361502347
0 0.21963824289405687 0.8274647887323944 0.05426356589147287 0.10093896713615023
0 0.3294573643410853 0.8098591549295775 0.04909560723514212 0.06572769953051644
0 0.725452196382429 0.3544600938967136 0.04005167958656331 0.046948356807511735
0 0.28165374677002586 0.24295774647887325 0.028423772609819122 0.03051643192488263
0 0.8727390180878554 0.1619718309859155 0.1227390180878553 0.26760563380281693
0 0.2571059431524548 0.7053990610328639 0.03359173126614987 0.04460093896713615
0 0.5962532299741602 0.5516431924882629 0.021963824289405687 0.06103286384976526
0 0.2745478036175711 0.8122065727699531 0.03229974160206719 0.04225352112676056
