0 0.3325 0.3545 0.051 0.049
0 0.7753125000000001 0.3366665 0.025625 0.0533335
0 0.6621875 0.362778 0.026875 0.092222
0 0.5759375 0.4083335 0.093125 0.132222
0 0.7759375 0.458889 0.018125 0.0244445
0 0.905625 0.328889 0.16625 0.217778
0 0.7112499999999999 0.2705555 0.065 0.1055555
0 0.0941665 0.7325 0.135 0.14
0 0.8534999999999999 0.6190095 0.131 0.1102235
0 0.7495 0.860623 0.021 0.063099
0 0.6234999999999999 0.641773 0.013 0.0103835
0 0.591 0.5946485 0.01 0.008786
0 0.6225 0.671326 0.011 0.016773
0 0.8185 0.8817889999999999 0.029 0.06869
0 0.6705 0.6541535 0.011 0.051118
0 0.6234999999999999 0.559904 0.013 0.014377
0 0.6465 0.61861 0.015 0.0151755
