0 0.324359 0.232143 0.04359 0.035714
0 0.138462 0.048214 0.030769 0.075
0 0.579487 0.596429 0.030769 0.078571
0 0.524359 0.075 0.028205 0.05
0 0.698718 0.085714 0.038462 0.05
0 0.515385 0.639286 0.041026 0.064286
0 0.923077 0.585714 0.046154 0.085714
0 0.407692 0.426786 0.035897 0.089286
0 0.623077 0.083929 0.030769 0.039286
0 0.853846 0.075 0.030769 0.05
0 0.846154 0.451786 0.035897 0.039286
0 0.820513 0.626786 0.066667 0.039286
0 0.138462 0.248214 0.041026 0.039286
0 0.948718 0.0875 0.030769 0.039286
0 0.673077 0.419643 0.028205 0.075
0 0.188462 0.789286 0.028205 0.078571
0 0.548718 0.226786 0.035897 0.067857
0 0.383333 0.819643 0.017949 0.032143
0 0.282051 0.05 0.030769 0.078571
0 0.430769 0.601786 0.025641 0.075
0 0.765385 0.589286 0.023077 0.078571
0 0.226923 0.6125 0.023077 0.075
0 0.542308 0.819643 0.023077 0.053571
0 0.174359 0.621429 0.030769 0.064286
0 0.05641 0.064286 0.030769 0.05
0 0.739744 0.414286 0.038462 0.085714
0 0.724359 0.214286 0.023077 0.092857
0 0.369231 0.073214 0.035897 0.039286
0 0.408974 0.244643 0.04359 0.039286
0 0.430769 0.0625 0.041026 0.060714
0 0.65641 0.596429 0.030769 0.071429
0 0.164103 0.4375 0.041026 0.053571
0 0.874359 0.2375 0.025641 0.060714
0 0.239744 0.425 0.033333 0.085714
0 0.803846 0.225 0.028205 0.071429
0 0.253846 0.814286 0.035897 0.042857
0 0.473077 0.2125 0.023077 0.096429
0 0.061538 0.425 0.025641 0.078571
0 0.316667 0.439286 0.028205 0.057143
0 0.205128 0.046429 0.020513 0.085714
0 0.929487 0.425 0.058974 0.05
0 0.473077 0.826786 0.028205 0.046429
0 0.339744 0.832143 0.028205 0.05
0 0.675641 0.798214 0.028205 0.089286
0 0.078205 0.633929 0.038462 0.046429
0 0.221795 0.214286 0.028205 0.092857
0 0.107692 0.807143 0.035897 0.064286
0 0.946154 0.819643 0.030769 0.075
0 0.051282 0.214286 0.025641 0.107143
0 0.848718 0.819643 0.041026 0.075
0 0.929487 0.232143 0.023077 0.078571
0 0.762821 0.825 0.053846 0.05
0 0.45 0.453571 0.017949 0.021429
0 0.538462 0.414286 0.041026 0.057143
0 0.591026 0.410714 0.028205 0.071429
0 0.637179 0.248214 0.028205 0.032143
0 0.775641 0.082143 0.028205 0.042857
0 0.342308 0.596429 0.028205 0.1
0 0.047436 0.825 0.017949 0.035714
0 0.623077 0.835714 0.020513 0.042857
