0 0.033088 0.78373 0.063235 0.119048
0 0.318382 0.571429 0.060294 0.063492
0 0.239706 0.474206 0.085294 0.115079
0 0.150735 0.571429 0.057353 0.087302
0 0.497794 0.395833 0.036765 0.037698
0 0.286765 0.630952 0.05 0.055556
0 0.364706 0.206349 0.029412 0.02381
0 0.117647 0.676587 0.05 0.055556
0 0.011765 0.905754 0.020588 0.03373
0 0.483824 0.143849 0.026471 0.017857
0 0.446324 0.455357 0.048529 0.069444
0 0.013235 0.984127 0.023529 0.031746
0 0.371324 0.480159 0.036765 0.071429
0 0.189706 0.802579 0.032353 0.049603
