0 0.149028 0.2205355 0.077754 0.1160715
0 0.647408 0.1857145 0.052916 0.1464285
0 0.1314105 0.8892855 0.0371795 0.0964285
0 0.102564 0.625893 0.0384615 0.1232145
0 0.148718 0.5285715 0.028205 0.0535715
0 0.204487 0.5607145 0.029487 0.0964285
0 0.1410255 0.7267855 0.028205 0.0964285
0 0.0358975 0.7723215 0.053846 0.105357
0 0.9096775 0.781915 0.053226 0.087766
0 0.9729840000000001 0.8031915000000001 0.0201615 0.0265955
0 0.659274 0.924867 0.0491935 0.131649
0 0.6794355 0.736702 0.358871 0.281915
0 0.800403 0.9095745 0.028226 0.042553
