0 0.209199 0.171642 0.0445105 0.052239
0 0.0853115 0.2630595 0.143917 0.089552
0 0.4146885 0.1744405 0.054896 0.0317165
0 0.431009 0.277985 0.0994065 0.074627
0 0.762616 0.265351 0.051129 0.0833335
0 0.5889775 0.228801 0.0265605 0.0745615
0 0.680611 0.241228 0.0292165 0.0614035
0 0.4295455 0.749317 0.0954545 0.09153
0 0.2072725 0.831284 0.2872725 0.1543715
0 0.061818 0.681694 0.0545455 0.054645
0 0.6353125 0.7651675 0.016875 0.078452
0 0.6440625 0.9398535 0.045625 0.0596235
0 0.7884375 0.6788704999999999 0.275625 0.32636
