0 0.461751 0.063095 0.0212935 0.038095
0 0.320978 0.4809525 0.044164 0.0333335
0 0.098186 0.390476 0.0812305 0.140476
0 0.4108835 0.1767855 0.0457415 0.067857
0 0.1920345 0.404762 0.0670345 0.104762
0 0.204653 0.2910715 0.0496845 0.077381
0 0.484227 0.238095 0.0141955 0.0261905
0 0.553125 0.269737 0.02625 0.0357145
0 0.705625 0.2471805 0.05625 0.0770675
0 0.588125 0.406015 0.17125 0.180451
0 0.45 0.788095 0.0942855 0.306349
0 0.1339285 0.775397 0.1635715 0.436508
0 0.7741665 0.8675375000000001 0.2316665 0.0982585
0 0.61625 0.9222635 0.0241665 0.0186565
