0 0.232935 0.4389535 0.162116 0.0406975
0 0.210751 0.167151 0.049488 0.0436045
0 0.201365 0.0784885 0.112628 0.122093
0 0.6476014999999999 0.3508065 0.095941 0.077957
0 0.1476835 0.7023195 0.0096525 0.048969
0 0.208494 0.5889175 0.096525 0.177835
0 0.1447875 0.8170105 0.019305 0.097938
0 0.216216 0.7860825 0.042471 0.046392
0 0.303089 0.7783505 0.023166 0.046392
0 0.418919 0.726804 0.042471 0.1649485
0 0.303089 0.6185565 0.050193 0.082474
0 0.111969 0.703608 0.034749 0.0670105
0 0.684363 0.703608 0.0945945 0.1185565
