0 0.4079455 0.2359695 0.153101 0.1862245
0 0.1967055 0.2385205 0.0523255 0.0433675
0 0.0658915 0.406888 0.0775195 0.0790815
0 0.8378380000000001 0.0592785 0.3166025 0.1185565
0 0.8861005 0.296392 0.03861 0.170103
0 0.7297295 0.277062 0.100386 0.162371
0 0.149614 0.6043815 0.0714285 0.1417525
0 0.4025095 0.7654639999999999 0.0250965 0.041237
0 0.2509655 0.6559280000000001 0.069498 0.0747425
0 0.2586875 0.75 0.100386 0.0360825
0 0.3436295 0.7371135 0.03861 0.0515465
0 0.639091 0.748634 0.1654545 0.092896
