0 0.3509875 0.353035 0.190305 0.2939295
0 0.204219 0.4496805 0.094255 0.100639
0 0.5117495 0.45 0.0208875 0.0884615
0 0.7010445 0.396154 0.0469975 0.080769
0 0.7767625 0.216346 0.070496 0.1826925
0 0.016544 0.891865 0.0316175 0.059524
0 0.159191 0.7857145 0.030147 0.031746
0 0.119853 0.7371030000000001 0.042647 0.0575395
0 0.0753675 0.7857145 0.0286765 0.043651
0 0.248897 0.6979165 0.0183825 0.018849
0 0.1433825 0.815476 0.025 0.027778
0 0.182353 0.6031745 0.014706 0.011905
0 0.0588235 0.8382935 0.025 0.027778
0 0.0058825 0.952877 0.010294 0.016865
0 0.241912 0.5719245 0.0132355 0.0089285
0 0.223162 0.7276785 0.0242645 0.034722
0 0.0066175 0.9920635 0.0117645 0.015873
0 0.185662 0.7400795 0.0183825 0.0357145
0 0.094853 0.9012895000000001 0.0161765 0.0248015
0 0.755287 0.8659795 0.060423 0.0687285
