0 0.10625000000000001 0.7840909090909091 0.134375 0.19318181818181818
0 0.259375 0.796875 0.028125 0.05965909090909091
0 0.42265625 0.3338068181818182 0.22031250000000002 0.3153409090909091
0 0.4734375 0.049715909090909095 0.040625 0.05965909090909091
0 0.521875 0.5923295454545455 0.115625 0.1278409090909091
0 0.6492187500000001 0.75 0.1234375 0.13636363636363635
0 0.81953125 0.33948863636363635 0.08281250000000001 0.09943181818181819
0 0.6507812500000001 0.4005681818181818 0.0671875 0.07386363636363637
0 0.690625 0.30113636363636365 0.025 0.05681818181818182
0 0.33984375 0.8210227272727273 0.0390625 0.03977272727272727
0 0.52578125 0.8977272727272727 0.035937500000000004 0.03977272727272727
