0 0.2645 0.224 0.161 0.096
0 0.019 0.2433335 0.036 0.0653335
0 0.086 0.2273335 0.042 0.0706665
0 0.5339845 0.2368915 0.061719 0.159176
0 0.717578 0.2565545 0.216406 0.2397005
0 0.911328 0.308989 0.078906 0.1685395
0 0.093522 0.7695730000000001 0.062956 0.183274
0 0.201186 0.828292 0.0593065 0.0622775
0 0.3517335 0.8104979999999999 0.0483575 0.0907475
0 0.4452555 0.8158365000000001 0.0547445 0.183274
0 0.5405 0.894315 0.077 0.053936
0 0.964 0.9008745 0.036 0.102041
0 0.901 0.9183675 0.068 0.0553935
