0 0.24296875 0.6747159090909091 0.1171875 0.12215909090909091
0 0.4390625 0.32386363636363635 0.09062500000000001 0.10795454545454546
0 0.4859375 0.4275568181818182 0.0625 0.09375
0 0.72421875 0.35511363636363635 0.06406250000000001 0.06818181818181818
0 0.6234375000000001 0.6207386363636364 0.07187500000000001 0.05965909090909091
0 0.3640625 0.6676136363636364 0.025 0.03977272727272727
0 0.55078125 0.4900568181818182 0.0390625 0.05397727272727273
0 0.51484375 0.27698863636363635 0.0390625 0.09943181818181819
0 0.6414062500000001 0.34090909090909094 0.0203125 0.045454545454545456
0 0.49843750000000003 0.17045454545454547 0.021875000000000002 0.03409090909090909
0 0.534375 0.7258522727272727 0.021875000000000002 0.036931818181818184
