0 0.15 0.2291665 0.102778 0.1006945
0 0.023611 0.199653 0.0444445 0.0729165
0 0.267361 0.190104 0.090278 0.064236
0 0.679487 0.074826 0.0164835 0.040603
0 0.7898350000000001 0.3799305 0.026557 0.1658935
0 0.602564 0.135731 0.018315 0.0417635
0 0.7962454999999999 0.2465195 0.015568 0.052204
0 0.7953295 0.099188 0.0210625 0.1287705
0 0.233889 0.5849675 0.027778 0.0653595
0 0.248889 0.9509805 0.4933335 0.0882355
0 0.2894445 0.647876 0.032222 0.099673
0 0.6439159999999999 0.845209 0.027301 0.056511
