0 0.1305 0.23 0.053 0.075
0 0.1845 0.28375 0.025 0.0225
0 0.1545 0.281875 0.013 0.01625
0 0.961719 0.4358825 0.0765625 0.104706
0 0.847656 0.2841175 0.0875 0.2341175
0 0.638281 0.159412 0.0359375 0.1517645
0 0.701172 0.209412 0.032031 0.1482355
0 0.3169645 0.8392255 0.0825895 0.0555555
0 0.1305805 0.8459595 0.247768 0.1767675
0 0.450893 0.8577440000000001 0.0848215 0.0959595
0 0.890517 0.8976685 0.013793 0.0207255
0 0.6818965 0.7571245 0.124138 0.115285
0 0.8193965000000001 0.80829 0.0439655 0.062176
