0 0.8560714285714286 0.668125 0.02214285714285714 0.03375
0 0.8275 0.615 0.027857142857142858 0.035
0 0.3432142857142857 0.680625 0.013571428571428571 0.03125
0 0.2960714285714286 0.5962500000000001 0.06928571428571428 0.0725
0 0.455 0.5750000000000001 0.11571428571428571 0.085
0 0.46535714285714286 0.485 0.04357142857142857 0.0625
0 0.5153571428571428 0.494375 0.023571428571428573 0.043750000000000004
0 0.5689285714285715 0.514375 0.05785714285714286 0.03625
0 0.5575 0.573125 0.017857142857142856 0.02875
0 0.7596428571428572 0.48125 0.019285714285714285 0.0325
