0 0.132 0.262012 0.258 0.1036035
0 0.827 0.2568495 0.252 0.280822
0 0.304861 0.8471155 0.2541665 0.221154
0 0.738202 0.676025 0.083146 0.050802
0 0.5904495 0.779412 0.0325845 0.040107
0 0.688202 0.782531 0.030337 0.049911
0 0.685955 0.8827985 0.0370785 0.0311945
0 0.8067415 0.766043 0.0202245 0.0882355
0 0.652247 0.8248665 0.039326 0.0258465
0 0.646629 0.6849375 0.055056 0.032977
0 0.7668539999999999 0.8186275000000001 0.0573035 0.0383245
0 0.85 0.6742425 0.061798 0.0454545
0 0.944382 0.6983064999999999 0.111236 0.1256685
0 0.5601125 0.690731 0.0348315 0.026738
0 0.8932585 0.8926025 0.202247 0.0347595
