0 0.4645835 0.435 0.0675 0.0975
0 0.2708335 0.400625 0.0966665 0.17875
0 0.35625 0.265 0.0308335 0.07
0 0.865 0.3526785 0.026 0.1458335
0 0.96 0.374256 0.038 0.159226
0 0.6885 0.24628 0.307 0.325893
0 0.9099999999999999 0.3363095 0.03 0.0863095
0 0.435 0.89863 0.1154545 0.117808
0 0.3236365 0.828082 0.0236365 0.042466
0 0.261818 0.7520549999999999 0.08 0.221918
0 0.1277275 0.8938355 0.079091 0.0972605
0 0.90785 0.8761365 0.1740615 0.0295455
0 0.9283275 0.7738635 0.0409555 0.0386365
0 0.6740615 0.796591 0.2901025 0.215909
