0 0.27 0.186916 0.1466665 0.233645
0 0.925 0.3264035 0.15 0.126819
0 0.7681505 0.360707 0.0171235 0.029106
0 0.799315 0.3549895 0.0260275 0.0384615
0 0.023926 0.857639 0.0458985 0.0381945
0 0.2299805 0.6805555 0.0654295 0.0243055
0 0.366211 0.8376735 0.076172 0.060764
0 0.023926 0.9375 0.026367 0.0416665
0 0.427246 0.7847219999999999 0.0439455 0.048611
0 0.361328 0.9487844999999999 0.1347655 0.092014
0 0.0527345 0.6805555 0.091797 0.034722
0 0.251953 0.8203125 0.0703125 0.0677085
0 0.8106249999999999 0.7643835 0.04125 0.0767125
