0 0.1283335 0.4270835 0.1066665 0.080357
0 0.4866665 0.3080355 0.0266665 0.0684525
0 0.4358335 0.421131 0.075 0.0625
0 0.3658335 0.2232145 0.145 0.142857
0 0.7760415 0.1774195 0.046875 0.078341
0 0.8795575 0.187788 0.058594 0.080645
0 0.7415365 0.331797 0.063802 0.1612905
0 0.5865885 0.28341 0.016927 0.059908
0 0.564453 0.2384795 0.019531 0.076037
0 0.6783855 0.2453915 0.0520835 0.200461
0 0.9453125 0.217742 0.0364585 0.048387
0 0.2666665 0.824405 0.1166665 0.142857
0 0.723732 0.7581964999999999 0.128623 0.18306
