0 0.3376825 0.302508 0.1617955 0.075235
0 0.6683365 0.4076705 0.1422845 0.1392045
0 0.9584170000000001 0.109375 0.043086 0.065341
0 0.70491 0.1669035 0.0791585 0.115057
0 0.9083165 0.3892045 0.043086 0.0426135
0 0.9013025 0.1924715 0.1733465 0.083807
0 0.170486 0.9025000000000001 0.090972 0.05
0 0.3625 0.6481250000000001 0.047222 0.13125
0 0.067014 0.930625 0.053472 0.09625
0 0.137153 0.644375 0.195139 0.12625
0 0.4055555 0.835 0.077778 0.0475
0 0.623264 0.68018 0.0881945 0.0585585
0 0.853125 0.7100225 0.271528 0.1452705
