0 0.1545455 0.2766345 0.050909 0.035109
0 0.074091 0.316586 0.071818 0.1319615
0 0.215 0.294794 0.0245455 0.0690075
0 0.346818 0.292978 0.1227275 0.1452785
0 0.670909 0.195355 0.041818 0.0765025
0 0.631818 0.0375685 0.021818 0.045082
0 0.575 0.1209015 0.0354545 0.036885
0 0.7236365 0.353825 0.08 0.079235
0 0.275 0.8423425 0.062 0.039039
0 0.961751 0.563095 0.0212935 0.038095
0 0.820978 0.9809525 0.044164 0.0333335
0 0.598186 0.890476 0.0812305 0.140476
0 0.9108835 0.6767855 0.0457415 0.067857
0 0.6920345 0.9047620000000001 0.0670345 0.104762
0 0.704653 0.7910714999999999 0.0496845 0.077381
0 0.984227 0.738095 0.0141955 0.0261905
