0 0.423664 0.1797425 0.1412215 0.1627635
0 0.2533395 0.336651 0.130725 0.087822
0 0.0405535 0.460773 0.0314885 0.0409835
0 0.69125 0.301111 0.0358335 0.042222
0 0.6012500000000001 0.1555555 0.1908335 0.168889
0 0.95875 0.176111 0.0808335 0.2344445
0 0.8129165 0.301111 0.1525 0.3
0 0.290625 0.7799685000000001 0.025 0.033123
0 0.1921875 0.765773 0.01875 0.033123
0 0.3453125 0.7752365 0.0171875 0.0299685
0 0.2058595 0.803628 0.0148435 0.0299685
0 0.151953 0.7705044999999999 0.046094 0.0804415
0 0.646875 0.8625 0.021875 0.0416665
0 0.753906 0.8416665 0.0703125 0.0833335
0 0.890625 0.7625 0.190625 0.1541665
