0 0.313 0.330822 0.062 0.050685
0 0.066 0.3828765 0.076 0.0534245
0 0.429 0.2835615 0.14 0.038356
0 0.1655 0.382192 0.019 0.0328765
0 0.135 0.3726025 0.016 0.021918
0 0.7989999999999999 0.027778 0.014 0.0435435
0 0.6805 0.177177 0.013 0.045045
0 0.8995 0.295045 0.031 0.0465465
0 0.513 0.361862 0.024 0.021021
0 0.9125 0.418168 0.027 0.0495495
0 0.7625 0.0375375 0.021 0.072072
0 0.6575 0.4557055 0.059 0.0675675
0 0.2052085 0.805752 0.0256945 0.0451325
0 0.0086805 0.860177 0.015972 0.038938
0 0.3055555 0.7597345 0.0708335 0.082301
0 0.065972 0.825221 0.036111 0.059292
0 0.7811319999999999 0.9179245 0.101887 0.0660375
