0 0.212355 0.1765465 0.069498 0.0695875
0 0.1978765 0.26933 0.0907335 0.064433
0 0.346525 0.271907 0.0135135 0.064433
0 0.3899615 0.2938145 0.023166 0.025773
0 0.7775000000000001 0.2857145 0.1683335 0.261905
0 0.8325 0.4479165 0.065 0.044643
0 0.4598215 0.6825 0.080357 0.0283335
0 0.3080355 0.6775 0.050595 0.0183335
0 0.065476 0.775 0.0357145 0.01
0 0.297619 0.7433335 0.1190475 0.0633335
0 0.1160715 0.81 0.232143 0.04
0 0.1785715 0.7408335 0.0238095 0.0183335
0 0.600386 0.7564435 0.081081 0.1572165
0 0.780888 0.6984535000000001 0.1718145 0.3195875
0 0.6978765 0.9304125 0.0752895 0.015464
