0 0.1490385 0.0785715 0.1596155 0.107143
0 0.734576 0.1669645 0.029563 0.0982145
0 0.1005155 0.6294645 0.025773 0.0875
0 0.339562 0.613393 0.021907 0.094643
0 0.294459 0.6392855 0.021907 0.075
0 0.388531 0.6142855 0.0244845 0.0964285
0 0.146263 0.6375 0.021907 0.082143
0 0.195232 0.6294645 0.0244845 0.0839285
0 0.244201 0.6232145 0.027062 0.0964285
0 0.773077 0.6616070000000001 0.0179485 0.0375
0 0.6115385 0.613393 0.0179485 0.0839285
0 0.7326925 0.644643 0.0166665 0.0642855
0 0.923718 0.6508929999999999 0.019231 0.0482145
0 0.6602565 0.6267855 0.0179485 0.075
0 0.7083335 0.6303570000000001 0.0166665 0.057143
0 0.7839745 0.6098215 0.019231 0.069643
0 0.526923 0.625 0.020513 0.067857
0 0.976282 0.63125 0.021795 0.0875
0 0.5653845 0.611607 0.0179485 0.0625
0 0.8403845 0.6464285 0.019231 0.05
0 0.8820515 0.6160715 0.023077 0.1035715
