0 0.461353 0.301786 0.043478 0.067857
0 0.833333 0.289286 0.043478 0.1
0 0.111111 0.126786 0.038647 0.046429
0 0.454106 0.107143 0.038647 0.064286
0 0.277778 0.3 0.043478 0.057143
0 0.272947 0.119643 0.05314 0.046429
0 0.096618 0.776786 0.057971 0.139286
0 0.2657 0.510714 0.057971 0.15
0 0.103865 0.307143 0.05314 0.042857
0 0.620773 0.108929 0.072464 0.053571
0 0.094203 0.514286 0.062802 0.15
0 0.850242 0.501786 0.086957 0.167857
0 0.644928 0.501786 0.062802 0.167857
0 0.451691 0.782143 0.062802 0.135714
0 0.644928 0.294643 0.05314 0.082143
0 0.456522 0.507143 0.072464 0.157143
0 0.84058 0.108929 0.086957 0.060714
0 0.282609 0.769643 0.072464 0.146429
0 0.850242 0.764286 0.067633 0.164286
0 0.652174 0.766071 0.077295 0.167857
